Total_number_of_document: 18
& 11 0
'' 3 295
's 5 376
've 1 511
( 3 538
) 3 616
+bahia 1 694
, 13 720
- 1 1065
-- 2 1091
. 15 1143
.125 1 1541
0.39 1 1568
0.75 1 1594
0.99 1 1621
1 1 1647
1,545,160 1 1673
1,655.8 1 1700
1,750 1 1726
1,780 1 1752
1,850 1 1778
1,870 1 1804
1,875 1 1830
1,880 1 1856
1.00 1 1882
1.06 1 1909
1.19 1 1935
1.21 1 1962
1.24 1 1989
1.25 1 2015
1.27 1 2041
1.35 1 2068
1.4 1 2094
1.50 1 2121
1.53 2 2148
1.56 1 2202
1.59 1 2228
1.65 1 2254
1.92 1 2280
10 1 2306
10.0 1 2333
100 1 2359
100.9 1 2385
107.3 1 2411
11 3 2437
111.8 1 2517
117.6 1 2543
119.05 1 2569
12 3 2596
12.6 1 2676
13 2 2702
13.0 1 2756
13.2 1 2782
132,000 1 2808
14.5 2 2835
145.3 1 2888
149.8 1 2914
15 3 2940
15.0 1 3020
15.8 1 3046
15.9 1 3072
151.1 1 3098
155,221 1 3125
16,000 1 3151
16.1 1 3178
164.6 1 3205
166.1 1 3231
182.4 1 3257
19 1 3283
19.5 1 3309
1978 1 3336
1981 1 3363
1984 1 3389
1985 2 3415
1985/86 1 3469
1986 7 3495
1986/87 2 3682
1987 2 3734
1987/88 1 3786
1988 2 3812
1st 1 3866
2,188,933 1 3893
2,227,000 1 3920
2,285,000 1 3947
2,325 1 3974
2,330,000 1 4000
2,375 1 4027
2,380 1 4053
2,400 1 4079
2,692.4 1 4105
2,858,000 1 4131
2,986,000 1 4158
2.0 1 4185
2.27 1 4211
2.28 1 4237
2.34 1 4263
2.4 1 4289
2.40 1 4316
2.55 1 4342
2.65 1 4368
20 3 4394
20.0 1 4475
20.4 1 4501
200,000 1 4527
203,000 1 4554
21.1 1 4581
21.6 1 4607
218.5 1 4634
22 1 4660
23 2 4686
23.6 1 4738
24.5 1 4764
25 2 4790
25.1 1 4842
25.2 1 4868
27 2 4895
28 3 4948
291.8 1 5028
298.5 1 5055
299.2 1 5082
2nd 1 5109
3,376,000 1 5136
3,971,000 1 5163
3.07 2 5190
3.08 2 5243
3.15 1 5296
3.2 1 5322
3.25 1 5348
3.25-i 1 5374
3.47 1 5400
3.7 1 5427
30 1 5453
31 3 5480
315.2 1 5561
32.9 1 5587
327.2 1 5613
33.7 1 5640
337 1 5666
337.3 1 5693
34 2 5719
34.8 1 5773
340 1 5799
35 2 5825
350 1 5878
36 1 5904
37 1 5931
37,000 1 5958
37.4 1 5985
39 1 6011
39.9 1 6038
4,104,000 1 6064
4,161.0 1 6091
4,340 1 6117
4,345 1 6143
4,350 1 6169
4,351 1 6195
4,400 1 6221
4,415 1 6247
4,450 1 6273
4,480 1 6299
4,841,000 1 6325
4.06 1 6352
4.15 1 6379
4.45 1 6406
4.65 1 6432
40 2 6458
41.1 1 6512
42 1 6539
43.4 1 6566
440.3 1 6593
442,000 1 6620
45 1 6647
45.1 1 6673
472.3 1 6699
479.7 1 6726
48.0 1 6753
48.6 1 6779
48.7 1 6805
4th 5 6831
5,050,044 1 6965
5,086,000 1 6992
5.36 1 7019
5.54 1 7045
5.81 1 7071
5.93 1 7097
5/14/82 1 7123
50 1 7149
50,000 1 7176
51.6 1 7203
51.7 1 7230
510.2 1 7257
55,000 1 7284
55.8 1 7311
569.3 1 7337
6 1 7364
6,635,318 1 7390
6.13 1 7417
6.2 1 7443
6.3 1 7469
6.4 1 7495
6.8 1 7521
60 1 7547
61.5 1 7573
61.8 1 7599
66 2 7625
66.0 1 7678
66.2 2 7705
67.1 1 7758
7,075,000 1 7785
7.0 1 7812
7.5 1 7838
7.9 1 7865
7/1/82 1 7891
72 1 7917
72,000 1 7943
720.4 1 7970
73 1 7996
75 1 8022
753 1 8049
76.1 1 8075
77.4 1 8101
785 1 8128
80.8 1 8154
807,000 1 8180
82 1 8207
82.7 1 8234
848,600 1 8260
87.4 1 8287
872.0 1 8313
9.0 1 8339
92.2 1 8365
995 1 8392
997.1 1 8418
: 5 8444
; 11 8578
> 11 8873
`` 3 9168
a 8 9249
accept 1 9463
acquir 1 9490
acquisit 2 9517
act 1 9570
addit 1 9597
adjust 2 9624
administr 1 9678
after 4 9705
again 1 9811
against 1 9837
agricultur 2 9863
all 1 9916
allevi 1 9942
almost 1 9968
alon 1 9994
also 5 10021
although 1 10153
am 1 10179
an 5 10206
analyst 1 10339
and 11 10366
ani 2 10660
ann 1 10714
announc 1 10741
annual 3 10768
anticip 1 10847
apprais 1 10874
approv 2 10901
apr 1 10954
april 5 10979
april/may 1 11113
are 3 11139
area 1 11218
argentin 1 11244
argentina 1 11270
around 1 11296
arrang 1 11322
arriv 1 11349
arroba 1 11375
as 6 11401
asset 2 11559
associ 1 11612
at 3 11639
aug 1 11718
aug/sept 1 11744
australia 1 11770
author 1 11797
avail 3 11823
averag 1 11902
avg 2 11928
award 1 11981
b 1 12008
bag 1 12035
bahia 1 12060
barley 1 12086
be 6 12112
bean 1 12273
becaus 1 12299
been 3 12326
below 1 12406
benefit 1 12433
beverag 1 12460
bfd 1 12487
bfdb 1 12513
billion 2 12540
bit 1 12593
blender 1 12620
board 3 12647
bonu 1 12726
book 1 12753
both 2 12779
bottom 1 12833
bracket 1 12860
brazil 1 12886
brazilian 1 12913
bread 1 12939
brown-forman 2 12965
busi 1 13017
but 2 13044
butter 1 13098
buy 1 13124
buyer 1 13151
by 2 13177
cake 1 13229
calcul 1 13255
call 1 13282
canada 1 13308
capit 3 13335
carniv 1 13415
carri 1 13441
carryforward 1 13468
cash 1 13495
cathod 1 13522
cbco 1 13548
ccc 1 13575
cent 1 13602
certain 1 13629
certif 1 13656
ch 1 13682
chairman 1 13708
champion 1 13735
chang 1 13761
charg 1 13788
chicago 1 13815
circumst 1 13842
cite 1 13869
class 1 13896
co 3 13923
co. 1 14003
cobanco 1 14030
cocoa 1 14057
come 1 14083
comissaria 1 14109
commiss 1 14134
commod 1 14160
common 3 14187
compani 6 14267
complet 2 14428
comput 1 14482
condit 1 14509
conduct 1 14536
connect 1 14563
consid 1 14590
consider 1 14617
consign 1 14644
continu 3 14670
control 1 14750
convert 1 14777
copper 1 14803
corn 1 14830
corn/sorghum 1 14856
corp 3 14882
corpor 2 14962
cost 1 15016
cover 2 15043
covert 1 15096
cpml 1 15122
credit 2 15149
crop 2 15203
cruzado 1 15254
ct 10 15280
cumul 1 15548
currenc 1 15574
current 3 15600
cut 1 15680
cwt 1 15706
dairi 1 15732
dean 1 15759
dec 1 15786
decemb 2 15812
declar 1 15866
declin 2 15893
delay 1 15947
deliv 1 15974
deliveri 1 16000
depart 2 16027
deposit 1 16080
deriv 1 16107
destin 1 16134
detail 1 16160
df 1 16186
dificulti 1 16213
director 2 16239
div 2 16292
dividend 4 16346
dlr 10 16454
dlrs/bu-sorghum 1 16721
dot 1 16747
doubt 1 16774
dougla 1 16800
dri 1 16827
drop 1 16853
drought 1 16880
due 2 16906
e.b.i 1 16960
each 1 16987
earli 3 17014
earlier 3 17094
earn 3 17174
ee 1 17255
effect 3 17282
eight 1 17362
electron 1 17389
elgin 1 17416
end 3 17443
enhanc 1 17523
enough 1 17550
ensur 1 17577
enter 1 17604
entri 1 17630
equal 1 17657
esquir 1 17684
estim 2 17711
exceed 2 17764
exclud 1 17818
exclus 1 17845
exercis 1 17872
expect 3 17899
expens 1 17979
experi 1 18006
experienc 1 18033
export 3 18059
extraordinari 1 18138
fall 1 18165
farmer 1 18192
farmer-own 1 18218
favor 1 18244
feb 1 18271
februari 4 18296
feedgrain 1 18401
few 1 18427
figur 2 18453
final 1 18505
first 2 18531
fiscal 3 18585
fit 1 18666
five 3 18692
five-day 1 18772
flour 1 18798
flow 1 18825
fob 1 18852
follow 2 18878
food 1 18930
for 10 18957
form 2 19223
forward 1 19277
four 3 19304
fourth 1 19385
from 7 19412
frozen 1 19600
fund 1 19627
futur 2 19653
gain 2 19706
gener 1 19760
get 1 19787
go 1 19814
good 1 19840
grain 2 19866
grain/oilse 1 19918
group 1 19944
ha 5 19971
had 2 20105
hand 1 20159
harvest 1 20185
have 3 20211
he 1 20290
held 1 20317
help 1 20343
higher 1 20370
highest 1 20397
hold 1 20424
holder 1 20451
home 1 20478
hous 1 20505
houston 1 20532
how 1 20559
howard 1 20585
humid 1 20612
hundr 1 20638
i 1 20664
if 1 20690
ii 1 20717
iii 1 20743
immedi 1 20769
impact 1 20795
improv 5 20822
in 10 20956
inc 10 21221
includ 5 21489
increas 3 21623
initi 1 21703
intern 1 21730
inventori 1 21757
involv 1 21784
is 6 21811
issu 1 21971
it 9 21998
iv 1 22238
jan 1 22264
januari 3 22291
japan 1 22370
john 1 22397
jul 1 22424
juli 2 22450
jun 1 22502
june/juli 1 22528
kenneth 1 22554
kilo 1 22581
kingdom 1 22607
label 1 22634
larsen 1 22661
last 3 22688
late 3 22768
latest 1 22848
law 1 22874
lb 2 22901
level 2 22953
licens 1 23005
license 2 23032
life 1 23086
light 1 23113
like 1 23139
limit 1 23166
line 1 23192
linoil 1 23219
linse 1 23245
liquor 1 23271
loan 2 23297
long 1 23350
loss 2 23377
lower 4 23430
lt 11 23536
ltd 1 23831
lugano 1 23858
made 2 23885
magma 1 23938
maiz 1 23965
major 1 23991
make 2 24018
mar 1 24071
march 6 24096
march-may 1 24256
march/april 1 24283
market 2 24309
matrix 1 24362
mattress 1 24389
matur 1 24416
may 4 24442
mcd 1 24547
mcdonald 1 24574
mean 1 24601
meet 1 24627
midday 1 24653
middl 1 24679
middlemen 1 24706
milk 1 24732
mine 1 24759
minor 1 24785
mln 12 24812
money 1 25131
month 2 25157
move 1 25210
mth 3 25237
much 1 25317
mutual 1 25343
n.a 1 25369
n.a.-not 1 25395
n.v. 1 25421
name 1 25448
nar 1 25474
nation 2 25501
natl 1 25554
near-record 1 25580
nearbi 1 25607
net 6 25633
new 2 25793
newmont 1 25846
nil 2 25872
nine 3 25924
normal 1 26004
north 1 26030
not 4 26057
note 5 26164
novemb 1 26299
now 1 26326
oat 1 26352
obod 1 26378
obtain 1 26405
occur 1 26431
oct 1 26458
oct/dec 1 26484
of 15 26510
off 1 26907
offer 2 26934
ohio 1 26987
oil 1 27014
oilse 1 27040
old 2 27066
omt 1 27119
on 3 27146
one 3 27226
onli 1 27306
open 1 27332
oper 3 27358
or 5 27439
our 1 27574
outlook 1 27601
outstand 2 27628
over 1 27682
overal 1 27708
owen 1 27735
own 1 27762
pace 1 27789
paid 2 27816
part 2 27870
pay 2 27923
payabl 2 27977
payment 1 28031
payout 1 28058
pct 5 28085
per 6 28220
perform 1 28380
period 4 28407
pillsburi 1 28514
plan 1 28541
port 1 28568
portion 1 28594
practic 1 28621
prefer 1 28647
presid 1 28674
presidenti 1 28701
prev 1 28728
previous 1 28753
price 4 28780
printer 1 28884
prior 5 28911
probabl 1 29046
processor 2 29073
product 3 29126
profit 4 29205
program 1 29313
project 1 29340
prospect 1 29367
provid 1 29393
publish 1 29420
purchas 2 29446
qtli 1 29500
qtr 7 29527
qualiti 1 29715
quarter 3 29741
quarterli 1 29821
radio 1 29848
rais 2 29875
rang 1 29929
rate 3 29956
rate-x 1 30036
realti 1 30062
realtor 1 30089
reason 1 30116
recent 1 30143
recommend 1 30169
record 5 30195
reflect 1 30329
reform 1 30355
regist 1 30382
registr 1 30408
relat 1 30433
releas 1 30460
reluct 1 30486
reorgan 1 30512
repeat 1 30539
report 4 30566
reserv 1 30673
restor 1 30699
restructur 1 30725
result 3 30752
reuter 1 30833
rev 4 30859
review 1 30966
right 1 30992
rose 2 31019
routin 1 31071
ryan 1 31097
said 9 31124
sale 7 31362
same 2 31550
say 1 31603
seali 1 31630
season 2 31657
second 1 31710
sedio 1 31737
see 1 31764
seek 1 31791
seem 1 31818
sell 1 31844
seller 1 31870
sept 1 31897
set 2 31923
seven 3 31977
share 5 32058
sharehold 2 32191
shipment 3 32244
shipper 1 32323
should 1 32349
show 1 32376
shower 1 32402
shr 5 32428
signific 1 32562
sinc 2 32589
six 1 32642
slightli 1 32669
smith 1 32696
sold 2 32721
some 1 32774
sorghum 2 32800
soybean 1 32852
split 2 32878
spot 1 32931
stage 1 32957
stand 1 32983
still 1 33009
stock 4 33035
stock' 1 33141
stockhold 1 33168
strong 2 33195
subproduct 1 33249
subsidiari 1 33275
substanti 2 33301
sunflowerse 1 33355
sunoil 1 33381
superior+ 1 33407
surpris 1 33433
switzerland 1 33460
system 1 33487
tag 1 33514
tax 4 33541
technolgi 1 33649
technolog 1 33676
temporao 1 33703
termin 1 33729
tex 1 33756
than 2 33783
that 4 33837
the 10 33944
their 2 34208
there 1 34260
these 1 34286
thi 2 34313
third 1 34366
third-quart 1 34393
those 2 34420
thousand 2 34473
three-for-two 1 34525
through 1 34552
throughout 1 34578
ticket 1 34604
time 2 34631
to 11 34684
today 1 34977
told 1 35004
ton 1 35031
tonn 3 35058
too 1 35137
total 3 35164
trade 1 35243
treatment 1 35269
tuccillo 1 35296
two 1 35323
two-for-on 1 35350
typic 1 35376
u.s. 3 35403
under 3 35482
unit 3 35562
univers 1 35643
up 4 35670
upco 1 35778
uruguay 1 35805
us 1 35831
usda 1 35858
v 1 35885
variou 1 35910
veget 2 35937
vi 1 35990
view 1 36016
vote 1 36042
vs 6 36068
wa 4 36228
warrant 1 36335
we 1 36362
week 2 36389
weekli 1 36441
well 1 36467
went 1 36494
were 3 36520
west 1 36599
wheat 3 36626
wheat/barley 1 36705
whether 1 36731
which 1 36758
will 4 36784
with 2 36891
woodco 1 36944
worldwid 1 36971
would 5 36998
x 1 37132
x-1986 1 37158
y-dlr 1 37184
year 7 37210
year-ago 1 37398
yemen 1 37425
york 1 37452
yr 1 37478
zone 1 37505
