(9, 0.12708869505570614), (10, 0.11209508426438408), (11, 0.13338741630430243), (12, 0.08943623531886008), (13, 0.10456316558062673), (14, 0.1594846816226656), (18, 0.08965049195295521), (23, 0.07750464270917941), (24, 0.12148357398513836), (27, 0.12196329755289484), (36, 0.19968858028443906)
(18, 0.11039366258992334), (23, 0.07750464270917941), (29, 0.10306363499421554)
(10, 0.07588753049637635), (12, 0.08943623531886008), (18, 0.10178446892164174), (23, 0.07750464270917941), (29, 0.13408888058963842)
(18, 0.06890732131598706)
(5, 0.11452286081162781), (6, 0.1600662287782267), (29, 0.10306363499421554)
(5, 0.11452286081162781), (6, 0.1600662287782267), (29, 0.10306363499421554)
(1, 0.05335218050358208)
(1, 0.12276496767282141), (5, 0.14955143692164086), (6, 0.20641595057054776), (9, 0.12708869505570614), (10, 0.1517750609927527), (11, 0.13338741630430243), (12, 0.17887247063772016), (18, 0.13781464263197413), (19, 0.1888692496435051), (22, 0.25074977225847167), (23, 0.15146286746118504), (24, 0.17944596923275652), (29, 0.16511412618506124)
(5, 0.11452286081162781)
(5, 0.1624143230552651), (19, 0.11116691240073885)
(1, 0.12276496767282141), (5, 0.1720217394268968), (6, 0.15044779246574919), (9, 0.16534620437726638), (10, 0.14830263803239183), (11, 0.17354102965601623), (12, 0.1519494811074809), (13, 0.13603981486197494), (18, 0.13781464263197413), (19, 0.17809606271668404), (22, 0.1697557133223031), (23, 0.14749830948522746), (24, 0.12148357398513836), (27, 0.12196329755289484), (29, 0.15223748583862498)
(10, 0.07588753049637635)
(1, 0.05335218050358208)
(22, 0.22085727496765206)
(5, 0.08802476591108956)
(9, 0.12708869505570614)
(27, 0.12196329755289484)
(6, 0.07698522150606216)
(1, 0.05335218050358208)
(1, 0.05335218050358208)
(1, 0.05335218050358208)
(1, 0.05335218050358208)
(1, 0.05335218050358208)
(1, 0.06941278716923933)
(23, 0.07750464270917941)
(1, 0.05335218050358208)
(11, 0.13338741630430243)
(27, 0.12196329755289484)
(5, 0.08802476591108956)
(1, 0.07880763980748107)
(18, 0.06890732131598706)
(5, 0.08802476591108956)
(18, 0.06890732131598706)
(10, 0.07588753049637635)
(18, 0.06890732131598706), (27, 0.12196329755289484)
(5, 0.08802476591108956)
(14, 0.1594846816226656)
(5, 0.08802476591108956)
(5, 0.08802476591108956)
(24, 0.12148357398513836)
(6, 0.10016008240222268)
(5, 0.08802476591108956)
(6, 0.07698522150606216)
(6, 0.07698522150606216)
(6, 0.07698522150606216), (13, 0.10456316558062673), (24, 0.12148357398513836)
(6, 0.07698522150606216)
(6, 0.07698522150606216)
(19, 0.11116691240073885)
(6, 0.07698522150606216), (13, 0.10456316558062673), (24, 0.12148357398513836)
(14, 0.1594846816226656)
(23, 0.07750464270917941), (36, 0.19968858028443906)
(6, 0.07698522150606216)
(6, 0.07698522150606216)
(11, 0.13338741630430243)
(6, 0.07698522150606216), (29, 0.10306363499421554)
(6, 0.07698522150606216)
(6, 0.07698522150606216)
(1, 0.05335218050358208), (12, 0.08943623531886008), (24, 0.12148357398513836)
(6, 0.07698522150606216)
(14, 0.1594846816226656)
(6, 0.07698522150606216)
(13, 0.10456316558062673)
(1, 0.05335218050358208)
(24, 0.12148357398513836)
(24, 0.12148357398513836)
(6, 0.07698522150606216)
(6, 0.07698522150606216)
(6, 0.07698522150606216)
(5, 0.08802476591108956)
(27, 0.12196329755289484)
(29, 0.10306363499421554)
(5, 0.11452286081162781)
(5, 0.08802476591108956)
(11, 0.13338741630430243), (27, 0.12196329755289484)
(6, 0.07698522150606216)
(5, 0.08802476591108956), (6, 0.07698522150606216), (12, 0.08943623531886008), (13, 0.10456316558062673), (18, 0.06890732131598706), (19, 0.11116691240073885), (27, 0.12196329755289484)
(1, 0.05335218050358208), (6, 0.10016008240222268)
(9, 0.12708869505570614), (24, 0.1580537737351295)
(1, 0.05335218050358208)
(18, 0.08965049195295521), (23, 0.07750464270917941)
(12, 0.08943623531886008)
(27, 0.12196329755289484)
(13, 0.10456316558062673)
(13, 0.10456316558062673)
(1, 0.05335218050358208)
(24, 0.12148357398513836)
(1, 0.05335218050358208)
(1, 0.05335218050358208)
(1, 0.05335218050358208)
(6, 0.07698522150606216)
(11, 0.13338741630430243)
(13, 0.10456316558062673)
(6, 0.10016008240222268)
(1, 0.07880763980748107)
(1, 0.05335218050358208)
(5, 0.08802476591108956)
(12, 0.08943623531886008)
(5, 0.08802476591108956)
(5, 0.13002325266899317)
(5, 0.08802476591108956)
(18, 0.06890732131598706), (23, 0.07750464270917941), (27, 0.12196329755289484)
(6, 0.11371650698590566)
(6, 0.07698522150606216)
(10, 0.09873195347265078)
(24, 0.12148357398513836)
(6, 0.07698522150606216)
(23, 0.07750464270917941)
(6, 0.07698522150606216)
(1, 0.05335218050358208)
(5, 0.08802476591108956), (9, 0.12708869505570614)
(6, 0.07698522150606216)
(6, 0.07698522150606216)
(5, 0.08802476591108956), (9, 0.12708869505570614)
(6, 0.07698522150606216)
(27, 0.12196329755289484)
(1, 0.05335218050358208), (24, 0.12148357398513836)
(1, 0.05335218050358208), (12, 0.08943623531886008), (23, 0.07750464270917941)
(13, 0.10456316558062673)
(13, 0.10456316558062673)
(11, 0.13338741630430243)
(13, 0.10456316558062673)
(13, 0.10456316558062673)
(24, 0.12148357398513836)
(14, 0.1594846816226656), (23, 0.07750464270917941)
(14, 0.1594846816226656), (23, 0.07750464270917941)
(5, 0.11452286081162781)
(6, 0.07698522150606216)
(5, 0.08802476591108956)
(5, 0.08802476591108956)
(29, 0.10306363499421554)
(6, 0.07698522150606216)
(18, 0.06890732131598706)
(13, 0.10456316558062673), (23, 0.07750464270917941), (36, 0.19968858028443906)
(14, 0.1594846816226656)
(6, 0.07698522150606216)
(11, 0.13338741630430243)
(6, 0.07698522150606216)
(23, 0.07750464270917941)
(14, 0.1594846816226656)
(11, 0.13338741630430243), (18, 0.06890732131598706)
(6, 0.07698522150606216)
(1, 0.05335218050358208)
(1, 0.05335218050358208), (23, 0.07750464270917941)
(1, 0.05335218050358208)
(18, 0.06890732131598706)
(23, 0.10083586496786211)
(19, 0.11116691240073885)
(6, 0.07698522150606216)
(27, 0.12196329755289484)
(6, 0.07698522150606216)
(13, 0.10456316558062673)
(6, 0.07698522150606216)
(1, 0.05335218050358208)
(1, 0.05335218050358208)
(1, 0.05335218050358208)
(1, 0.05335218050358208)
(1, 0.05335218050358208)
(1, 0.05335218050358208)
(1, 0.05335218050358208)
(1, 0.05335218050358208)
(13, 0.10456316558062673)
(29, 0.10306363499421554)
(29, 0.10306363499421554)
(5, 0.08802476591108956)
(5, 0.11452286081162781)
(10, 0.07588753049637635), (18, 0.08965049195295521)
(13, 0.10456316558062673)
(24, 0.12148357398513836)
(13, 0.10456316558062673)
(11, 0.13338741630430243)
(13, 0.10456316558062673)
(1, 0.05335218050358208)
(6, 0.07698522150606216)
(11, 0.13338741630430243)
(11, 0.13338741630430243)
(6, 0.10016008240222268)
(6, 0.07698522150606216)
(6, 0.07698522150606216)
(11, 0.13338741630430243), (14, 0.1594846816226656), (18, 0.06890732131598706), (24, 0.12148357398513836), (27, 0.12196329755289484)
(27, 0.12196329755289484)
(13, 0.10456316558062673)
(5, 0.11452286081162781)
(5, 0.08802476591108956)
(1, 0.05335218050358208)
(1, 0.05335218050358208)
(5, 0.08802476591108956)
(27, 0.12196329755289484)
(10, 0.07588753049637635)
(13, 0.10456316558062673)
(13, 0.10456316558062673)
(11, 0.13338741630430243)
(24, 0.12148357398513836)
(6, 0.07698522150606216)
(13, 0.10456316558062673)
(5, 0.08802476591108956)
(27, 0.12196329755289484)
(1, 0.05335218050358208)
(1, 0.05335218050358208)
(6, 0.07698522150606216)
(1, 0.05335218050358208)
(6, 0.07698522150606216)
(1, 0.05335218050358208)
(6, 0.07698522150606216)
(6, 0.07698522150606216)
(14, 0.1594846816226656), (22, 0.22085727496765206)
(23, 0.07750464270917941)
(14, 0.1594846816226656), (23, 0.07750464270917941)
(12, 0.08943623531886008)
(24, 0.12148357398513836)
(6, 0.07698522150606216)
(36, 0.19968858028443906)
(6, 0.07698522150606216)
(5, 0.08802476591108956)
(24, 0.1580537737351295)
(24, 0.12148357398513836)
(30, 0.2773500981126145)
(14, 0.1594846816226656)
(10, 0.07588753049637635)
(1, 0.05335218050358208)
(6, 0.07698522150606216)
(27, 0.12196329755289484)
(1, 0.06941278716923933)
(6, 0.07698522150606216)
(11, 0.13338741630430243)
(12, 0.08943623531886008)
(6, 0.07698522150606216)
(27, 0.12196329755289484)
(6, 0.07698522150606216)
(6, 0.07698522150606216)
(6, 0.07698522150606216)
(27, 0.12196329755289484)
(1, 0.05335218050358208)
(14, 0.1594846816226656)
(6, 0.11371650698590566), (11, 0.13338741630430243), (13, 0.10456316558062673), (24, 0.12148357398513836), (27, 0.12196329755289484)
(9, 0.12708869505570614), (10, 0.11209508426438408), (11, 0.13338741630430243), (12, 0.08943623531886008), (13, 0.10456316558062673), (14, 0.1594846816226656), (18, 0.08965049195295521), (23, 0.07750464270917941), (24, 0.12148357398513836), (27, 0.12196329755289484), (36, 0.19968858028443906)
(9, 0.12708869505570614), (10, 0.11209508426438408), (11, 0.13338741630430243), (12, 0.08943623531886008), (13, 0.10456316558062673), (14, 0.1594846816226656), (18, 0.08965049195295521), (23, 0.07750464270917941), (24, 0.12148357398513836), (27, 0.12196329755289484), (36, 0.19968858028443906)
(18, 0.11039366258992334), (23, 0.07750464270917941), (29, 0.10306363499421554)
(1, 0.07880763980748107), (9, 0.12708869505570614), (10, 0.09873195347265078), (12, 0.08943623531886008), (18, 0.12714076350276035), (22, 0.22085727496765206), (23, 0.16633488661339485), (29, 0.13408888058963842)
(19, 0.11116691240073885)
(10, 0.07588753049637635)
(12, 0.1321081641315976), (18, 0.08965049195295521)
(18, 0.06890732131598706)
(10, 0.09873195347265078)
(27, 0.12196329755289484), (29, 0.10306363499421554)
(12, 0.08943623531886008)
(1, 0.05335218050358208), (5, 0.14955143692164086), (13, 0.10456316558062673), (18, 0.06890732131598706)
(1, 0.05335218050358208)
(1, 0.07880763980748107)
(5, 0.08802476591108956), (19, 0.11116691240073885)
(1, 0.05335218050358208)
(1, 0.05335218050358208)
(1, 0.05335218050358208)
(18, 0.06890732131598706)
(1, 0.05335218050358208), (6, 0.07698522150606216), (9, 0.12708869505570614), (10, 0.09873195347265078), (18, 0.08965049195295521)
(1, 0.05335218050358208)
(13, 0.13603981486197494)
(1, 0.05335218050358208), (9, 0.12708869505570614), (10, 0.07588753049637635), (18, 0.06890732131598706), (19, 0.11116691240073885)
(18, 0.08965049195295521)
(1, 0.12600332980754492), (5, 0.11452286081162781), (6, 0.10016008240222268), (10, 0.13493950724065848), (13, 0.15445247433991516), (18, 0.10178446892164174), (19, 0.14463148755871147), (23, 0.13167806315967612), (24, 0.12148357398513836), (27, 0.12196329755289484), (36, 0.19968858028443906)
(10, 0.07588753049637635), (12, 0.08943623531886008)
(18, 0.06890732131598706)
(19, 0.11116691240073885)
(9, 0.12708869505570614), (24, 0.1580537737351295), (29, 0.10306363499421554)
(18, 0.06890732131598706)
(12, 0.08943623531886008)
(9, 0.16534620437726638), (23, 0.07750464270917941)
(6, 0.1420452813108987)
(9, 0.16534620437726638), (12, 0.08943623531886008), (19, 0.11116691240073885), (23, 0.07750464270917941), (24, 0.12148357398513836)
(1, 0.05335218050358208)
(1, 0.0906437543415069), (10, 0.07588753049637635), (23, 0.07750464270917941)
(1, 0.06941278716923933)
(6, 0.10016008240222268)
(1, 0.05335218050358208)
(1, 0.05335218050358208)
(18, 0.06890732131598706)
(1, 0.06941278716923933)
(1, 0.05335218050358208)
(1, 0.08547339383489658), (5, 0.08802476591108956), (6, 0.07698522150606216), (9, 0.12708869505570614), (12, 0.11635922484909934), (23, 0.07750464270917941)
(11, 0.13338741630430243), (30, 0.2773500981126145)
(29, 0.10306363499421554)
(1, 0.12276496767282141), (9, 0.12708869505570614), (10, 0.12157637644892517)
(1, 0.05335218050358208)
(1, 0.07880763980748107)
(18, 0.06890732131598706)
(9, 0.12708869505570614)
(1, 0.05335218050358208), (5, 0.08802476591108956), (11, 0.13338741630430243)
(5, 0.11452286081162781)
(5, 0.11452286081162781), (13, 0.13603981486197494)
(19, 0.14463148755871147)
(23, 0.07750464270917941)
(1, 0.0906437543415069)
(1, 0.08547339383489658)
(5, 0.08802476591108956)
(1, 0.08547339383489658), (10, 0.09873195347265078), (12, 0.14328221437933858), (18, 0.08965049195295521), (19, 0.11116691240073885), (23, 0.07750464270917941)
(1, 0.06941278716923933)
(12, 0.08943623531886008)
(1, 0.05335218050358208), (18, 0.06890732131598706), (29, 0.10306363499421554)
(12, 0.08943623531886008)
(18, 0.08965049195295521)
(23, 0.07750464270917941)
(14, 0.1594846816226656)
(23, 0.07750464270917941)
(14, 0.1594846816226656), (18, 0.08965049195295521)
(23, 0.07750464270917941)
(18, 0.08965049195295521)
(6, 0.10016008240222268), (9, 0.16534620437726638), (23, 0.07750464270917941)
(19, 0.17809606271668404)
(1, 0.05335218050358208)
(23, 0.07750464270917941), (27, 0.12196329755289484)
(18, 0.06890732131598706)
(6, 0.07698522150606216)
(18, 0.06890732131598706)
(1, 0.05335218050358208)
(6, 0.07698522150606216)
(14, 0.1594846816226656), (23, 0.1378149773438649)
(27, 0.12196329755289484)
(10, 0.07588753049637635), (29, 0.10306363499421554)
(1, 0.06941278716923933)
(10, 0.07588753049637635)
(1, 0.05335218050358208)
(1, 0.05335218050358208), (22, 0.1697557133223031)
(1, 0.05335218050358208)
(13, 0.10456316558062673)
(5, 0.11452286081162781)
(18, 0.06890732131598706)
(9, 0.12708869505570614), (12, 0.08943623531886008), (29, 0.10306363499421554)
(1, 0.05335218050358208)
(11, 0.13338741630430243)
(13, 0.10456316558062673)
(23, 0.12416708722654478)
(22, 0.1697557133223031)
(11, 0.13338741630430243)
(19, 0.14463148755871147)
(22, 0.25074977225847167)
(10, 0.07588753049637635)
(1, 0.05335218050358208)
(9, 0.12708869505570614)
(18, 0.06890732131598706)
(9, 0.16534620437726638)
(10, 0.07588753049637635)
(23, 0.07750464270917941)
(18, 0.06890732131598706)
(10, 0.07588753049637635)
(23, 0.07750464270917941)
(23, 0.11448375508518223)
(12, 0.08943623531886008), (18, 0.06890732131598706), (22, 0.1697557133223031)
(18, 0.06890732131598706)
(11, 0.13338741630430243)
(1, 0.09844000367764613)
(1, 0.06941278716923933)
(1, 0.0906437543415069)
(1, 0.05335218050358208)
(19, 0.14463148755871147)
(9, 0.12708869505570614), (10, 0.11209508426438408), (23, 0.07750464270917941)
(9, 0.12708869505570614), (10, 0.12157637644892517), (12, 0.08943623531886008), (18, 0.10178446892164174), (19, 0.11116691240073885), (23, 0.13167806315967612)
(10, 0.09873195347265078), (19, 0.11116691240073885)
(10, 0.14001993378038616)
(10, 0.07588753049637635)
(12, 0.08943623531886008)
(12, 0.08943623531886008)
(29, 0.10306363499421554)
(12, 0.08943623531886008)
(1, 0.06941278716923933)
(1, 0.05335218050358208), (10, 0.07588753049637635), (23, 0.07750464270917941)
(10, 0.07588753049637635)
(1, 0.05335218050358208)
(22, 0.25074977225847167)
(5, 0.08802476591108956)
(5, 0.08802476591108956)
(18, 0.06890732131598706), (22, 0.1697557133223031), (27, 0.12196329755289484)
(19, 0.11116691240073885), (23, 0.07750464270917941)
(10, 0.07588753049637635)
(5, 0.08802476591108956), (19, 0.11116691240073885)
(1, 0.05335218050358208)
(10, 0.07588753049637635)
(13, 0.10456316558062673), (19, 0.11116691240073885)
(1, 0.0906437543415069), (6, 0.07698522150606216)
(1, 0.05335218050358208)
(11, 0.17354102965601623), (12, 0.08943623531886008), (13, 0.19292929187050056), (14, 0.1594846816226656), (18, 0.11039366258992334), (22, 0.1697557133223031), (23, 0.11448375508518223), (24, 0.21601616898274761), (27, 0.18015457911107954), (36, 0.25980083274161037)
(1, 0.05335218050358208)
(1, 0.06941278716923933)
(1, 0.05335218050358208), (10, 0.07588753049637635), (12, 0.08943623531886008)
(22, 0.1697557133223031)
(5, 0.11452286081162781)
(18, 0.06890732131598706)
(18, 0.11707147199500598)
(1, 0.07880763980748107)
(18, 0.06890732131598706), (29, 0.13408888058963842)
(23, 0.07750464270917941)
(12, 0.08943623531886008), (23, 0.07750464270917941)
(12, 0.08943623531886008)
(1, 0.05335218050358208)
(10, 0.07588753049637635)
(5, 0.08802476591108956), (19, 0.11116691240073885)
(11, 0.13338741630430243)
(18, 0.06890732131598706)
(1, 0.05335218050358208)
(6, 0.07698522150606216)
(18, 0.06890732131598706)
(1, 0.05335218050358208)
(9, 0.12708869505570614), (23, 0.07750464270917941)
(24, 0.12148357398513836), (36, 0.19968858028443906)
(13, 0.10456316558062673), (23, 0.11448375508518223), (24, 0.12148357398513836), (36, 0.19968858028443906)
(1, 0.11450061034330337), (10, 0.12157637644892517), (11, 0.17354102965601623), (12, 0.11635922484909934), (14, 0.2355782130270377), (18, 0.10178446892164174), (19, 0.11116691240073885), (23, 0.14300366435471218), (27, 0.18015457911107954), (30, 0.2773500981126145)
(5, 0.08802476591108956)
(10, 0.07588753049637635)
(1, 0.06941278716923933)
(18, 0.11707147199500598)
(1, 0.05335218050358208)
(29, 0.15223748583862498)
(1, 0.05335218050358208)
(12, 0.11635922484909934), (23, 0.07750464270917941)
(18, 0.06890732131598706)
(23, 0.07750464270917941)
(1, 0.05335218050358208), (12, 0.08943623531886008), (18, 0.06890732131598706)
(1, 0.05335218050358208), (18, 0.06890732131598706), (23, 0.07750464270917941)
(12, 0.08943623531886008), (18, 0.11707147199500598), (23, 0.10083586496786211)
(24, 0.12148357398513836)
(18, 0.06890732131598706), (22, 0.1697557133223031), (23, 0.07750464270917941)
(36, 0.19968858028443906)
(24, 0.12148357398513836)
(18, 0.06890732131598706)
(1, 0.07880763980748107), (12, 0.08943623531886008), (18, 0.06890732131598706)
(19, 0.11116691240073885)
(18, 0.06890732131598706)
(10, 0.07588753049637635)
(5, 0.11452286081162781)
(18, 0.06890732131598706)
(10, 0.07588753049637635)
(24, 0.12148357398513836)
(1, 0.06941278716923933), (27, 0.12196329755289484)
(10, 0.07588753049637635), (18, 0.10178446892164174)
(13, 0.10456316558062673)
(10, 0.07588753049637635)
(10, 0.09873195347265078)
(1, 0.05335218050358208), (18, 0.06890732131598706), (23, 0.07750464270917941)
(12, 0.08943623531886008)
(18, 0.06890732131598706)
(1, 0.05335218050358208)
(1, 0.06941278716923933), (6, 0.10016008240222268), (19, 0.14463148755871147)
(11, 0.13338741630430243)
(18, 0.06890732131598706)
(1, 0.06941278716923933)
(5, 0.11452286081162781)
(29, 0.10306363499421554)
(6, 0.1465098041945437)
(1, 0.07880763980748107), (5, 0.08802476591108956), (6, 0.10016008240222268), (12, 0.08943623531886008)
(5, 0.08802476591108956)
(1, 0.05335218050358208)
(1, 0.06941278716923933), (6, 0.07698522150606216)
(1, 0.05335218050358208)
(12, 0.14328221437933858), (27, 0.12196329755289484)
(12, 0.08943623531886008), (18, 0.08965049195295521), (23, 0.07750464270917941)
(1, 0.05335218050358208)
(9, 0.12708869505570614), (10, 0.07588753049637635), (11, 0.13338741630430243)
(5, 0.08802476591108956)
(19, 0.16420700912869018)
(23, 0.10083586496786211)
(1, 0.05335218050358208)
(5, 0.08802476591108956), (6, 0.07698522150606216)
(18, 0.11039366258992334)
(1, 0.10670436100716416), (5, 0.13002325266899317), (6, 0.10016008240222268), (9, 0.12708869505570614), (10, 0.12157637644892517), (13, 0.13603981486197494), (18, 0.10178446892164174), (19, 0.14463148755871147), (23, 0.10083586496786211), (27, 0.12196329755289484)
(10, 0.07588753049637635), (19, 0.11116691240073885)
(11, 0.13338741630430243)
(13, 0.10456316558062673), (19, 0.11116691240073885), (24, 0.12148357398513836)
(18, 0.10178446892164174)
(9, 0.12708869505570614), (11, 0.13338741630430243), (13, 0.10456316558062673), (18, 0.11707147199500598), (19, 0.11116691240073885), (23, 0.07750464270917941), (27, 0.12196329755289484)
(18, 0.06890732131598706)
(30, 0.2773500981126145)
(6, 0.07698522150606216), (10, 0.07588753049637635)
(11, 0.13338741630430243), (29, 0.10306363499421554)
(10, 0.07588753049637635)
(29, 0.10306363499421554)
(1, 0.05335218050358208)
(1, 0.05335218050358208)
(5, 0.08802476591108956), (6, 0.10016008240222268)
(6, 0.07698522150606216)
(29, 0.13408888058963842)
(1, 0.05335218050358208), (10, 0.09873195347265078), (18, 0.06890732131598706), (19, 0.11116691240073885), (23, 0.07750464270917941)
(23, 0.07750464270917941), (29, 0.10306363499421554)
(1, 0.05335218050358208)
(1, 0.05335218050358208)
(1, 0.06941278716923933), (5, 0.08802476591108956), (12, 0.08943623531886008)
(18, 0.08965049195295521)
(1, 0.05335218050358208)
(10, 0.07588753049637635)
(12, 0.08943623531886008)
(29, 0.10306363499421554)
(10, 0.07588753049637635)
(23, 0.07750464270917941)
(29, 0.10306363499421554)
(29, 0.10306363499421554)
(10, 0.07588753049637635)
(1, 0.06941278716923933)
(18, 0.06890732131598706)
(1, 0.05335218050358208)
(1, 0.05335218050358208)
(5, 0.08802476591108956)
(10, 0.07588753049637635)
(5, 0.08802476591108956)
(5, 0.08802476591108956)
(22, 0.1697557133223031)
(10, 0.07588753049637635)
(1, 0.05335218050358208), (10, 0.07588753049637635), (18, 0.06890732131598706), (23, 0.10083586496786211), (27, 0.12196329755289484)
(1, 0.09486824647313831), (6, 0.10016008240222268), (9, 0.12708869505570614), (12, 0.1519494811074809), (18, 0.12714076350276035), (19, 0.14463148755871147), (23, 0.12416708722654478), (27, 0.12196329755289484), (29, 0.15223748583862498), (30, 0.2773500981126145)
(9, 0.12708869505570614), (10, 0.09873195347265078), (11, 0.13338741630430243), (12, 0.08943623531886008), (13, 0.10456316558062673), (14, 0.1594846816226656), (18, 0.06890732131598706), (23, 0.07750464270917941), (24, 0.12148357398513836), (36, 0.19968858028443906)
(1, 0.05335218050358208), (10, 0.07588753049637635), (11, 0.13338741630430243), (12, 0.08943623531886008), (27, 0.12196329755289484)
(9, 0.12708869505570614), (10, 0.07588753049637635), (23, 0.11448375508518223)
(19, 0.11116691240073885)
(13, 0.10456316558062673)
(19, 0.11116691240073885)
(10, 0.07588753049637635)
(1, 0.06941278716923933), (12, 0.11635922484909934), (18, 0.06890732131598706), (19, 0.11116691240073885), (22, 0.1697557133223031), (29, 0.10306363499421554)
(12, 0.08943623531886008)
(1, 0.06941278716923933), (9, 0.1877254127013692), (10, 0.14830263803239183), (12, 0.14328221437933858), (18, 0.10178446892164174), (19, 0.11116691240073885), (22, 0.22085727496765206), (23, 0.12416708722654478), (27, 0.12196329755289484)
(5, 0.14955143692164086)
(13, 0.10456316558062673)
(1, 0.05335218050358208), (5, 0.08802476591108956), (29, 0.15223748583862498)
(18, 0.06890732131598706)
(29, 0.10306363499421554)
(6, 0.07698522150606216)
(1, 0.06941278716923933), (5, 0.08802476591108956)
(6, 0.10016008240222268)
(1, 0.07880763980748107)
(18, 0.06890732131598706)
(1, 0.06941278716923933)
(18, 0.06890732131598706)
(10, 0.07588753049637635)
(18, 0.06890732131598706)
(1, 0.05335218050358208), (12, 0.08943623531886008), (18, 0.06890732131598706)
(1, 0.05335218050358208), (12, 0.08943623531886008), (18, 0.06890732131598706)
(30, 0.2773500981126145)
(29, 0.10306363499421554)
(5, 0.08802476591108956), (22, 0.1697557133223031)
(1, 0.05335218050358208), (5, 0.14955143692164086)
(18, 0.06890732131598706)
(10, 0.07588753049637635), (12, 0.08943623531886008)
(27, 0.12196329755289484)
(1, 0.05335218050358208)
(12, 0.08943623531886008)
(1, 0.06941278716923933)
(18, 0.06890732131598706)
(6, 0.07698522150606216)
(6, 0.07698522150606216)
(1, 0.05335218050358208)
(5, 0.11452286081162781), (11, 0.13338741630430243)
(19, 0.11116691240073885)
(13, 0.13603981486197494), (24, 0.1580537737351295)
(1, 0.05335218050358208), (12, 0.08943623531886008), (22, 0.1697557133223031), (23, 0.07750464270917941)
(9, 0.12708869505570614), (10, 0.11209508426438408), (11, 0.13338741630430243), (12, 0.08943623531886008), (13, 0.10456316558062673), (14, 0.1594846816226656), (18, 0.08965049195295521), (23, 0.07750464270917941), (24, 0.12148357398513836), (27, 0.12196329755289484), (36, 0.19968858028443906)
(18, 0.06890732131598706)
(10, 0.07588753049637635)
(1, 0.05335218050358208), (29, 0.10306363499421554)
(22, 0.22085727496765206)
(6, 0.07698522150606216)
(18, 0.06890732131598706)
(1, 0.05335218050358208), (10, 0.07588753049637635)
(6, 0.1420452813108987)
(1, 0.05335218050358208), (6, 0.10016008240222268), (12, 0.08943623531886008), (23, 0.10083586496786211), (24, 0.12148357398513836), (36, 0.25980083274161037)
(19, 0.11116691240073885)
(1, 0.07880763980748107)
(10, 0.07588753049637635), (30, 0.2773500981126145)
(10, 0.07588753049637635)
(12, 0.11635922484909934)
(5, 0.08802476591108956)
(1, 0.06941278716923933), (6, 0.1233349432983832), (12, 0.11635922484909934), (18, 0.06890732131598706)
(18, 0.06890732131598706)
(18, 0.06890732131598706)
(1, 0.05335218050358208)
(9, 0.12708869505570614)
(1, 0.05335218050358208)
(12, 0.08943623531886008)
(1, 0.05335218050358208)
(18, 0.06890732131598706)
(22, 0.1697557133223031)
(36, 0.19968858028443906)
(1, 0.0906437543415069), (9, 0.16534620437726638), (10, 0.07588753049637635), (11, 0.23718300108693893), (12, 0.11635922484909934), (13, 0.19899311342467133), (14, 0.29426487347427804), (23, 0.12416708722654478), (24, 0.12148357398513836), (27, 0.1953925194199204), (29, 0.15223748583862498), (30, 0.2773500981126145)
(30, 0.2773500981126145)
(6, 0.07698522150606216), (23, 0.07750464270917941)
(10, 0.07588753049637635)
(13, 0.13603981486197494), (14, 0.1594846816226656), (24, 0.12148357398513836)
(1, 0.06941278716923933)
(30, 0.2773500981126145)
(5, 0.08802476591108956)
(5, 0.08802476591108956)
(10, 0.07588753049637635)
(1, 0.05335218050358208)
(29, 0.13408888058963842)
(5, 0.11452286081162781), (29, 0.10306363499421554)
(5, 0.11452286081162781)
(29, 0.10306363499421554)
(1, 0.05335218050358208)
(11, 0.17354102965601623), (12, 0.08943623531886008), (13, 0.10456316558062673), (14, 0.2355782130270377), (24, 0.1580537737351295), (27, 0.18015457911107954)
(1, 0.10426309911138006), (23, 0.07750464270917941)
(22, 0.1697557133223031)
(6, 0.1465098041945437), (13, 0.10456316558062673)
(13, 0.10456316558062673), (14, 0.1594846816226656), (23, 0.07750464270917941)
(1, 0.05335218050358208)
(19, 0.14463148755871147)
(1, 0.05335218050358208), (10, 0.07588753049637635), (11, 0.13338741630430243), (29, 0.10306363499421554)
(11, 0.13338741630430243), (12, 0.08943623531886008), (13, 0.10456316558062673), (24, 0.12148357398513836), (27, 0.12196329755289484)
(29, 0.10306363499421554)
(1, 0.05335218050358208)
(5, 0.08802476591108956)
(36, 0.19968858028443906)
(1, 0.05335218050358208)
(10, 0.07588753049637635)
(5, 0.08802476591108956)
(1, 0.07880763980748107)
(1, 0.10153400050055383), (6, 0.10016008240222268), (9, 0.2036037136988266), (10, 0.1517750609927527), (11, 0.13338741630430243), (12, 0.16501862249308258), (13, 0.13603981486197494), (18, 0.13113683322689149), (19, 0.16420700912869018), (22, 0.1697557133223031), (23, 0.13167806315967612), (24, 0.12148357398513836), (27, 0.15867790848640764), (29, 0.1832627314340478), (30, 0.2773500981126145)
(18, 0.06890732131598706)
(1, 0.05335218050358208), (19, 0.11116691240073885)
(12, 0.11635922484909934)
(6, 0.10016008240222268)
(6, 0.10016008240222268)
(1, 0.05335218050358208), (29, 0.10306363499421554)
(12, 0.08943623531886008)
(1, 0.07880763980748107), (23, 0.10083586496786211), (24, 0.12148357398513836)
(10, 0.07588753049637635), (14, 0.1594846816226656), (23, 0.07750464270917941)
(1, 0.05335218050358208)
(1, 0.06941278716923933)
(10, 0.07588753049637635), (13, 0.17764968187990524), (23, 0.07750464270917941)
(11, 0.13338741630430243), (12, 0.08943623531886008), (13, 0.16751646414332313), (23, 0.11448375508518223), (27, 0.12196329755289484)
(18, 0.06890732131598706)
(23, 0.07750464270917941)
(10, 0.07588753049637635), (12, 0.08943623531886008)
(1, 0.05335218050358208)
(18, 0.06890732131598706)
(36, 0.19968858028443906)
(29, 0.10306363499421554)
(29, 0.10306363499421554)
(19, 0.11116691240073885), (23, 0.07750464270917941)
(1, 0.05335218050358208), (10, 0.07588753049637635)
(10, 0.07588753049637635), (36, 0.19968858028443906)
(23, 0.07750464270917941), (24, 0.12148357398513836)
(13, 0.10456316558062673)
(23, 0.07750464270917941)
(10, 0.09873195347265078), (12, 0.08943623531886008), (18, 0.06890732131598706), (23, 0.11448375508518223), (29, 0.10306363499421554)
(1, 0.07880763980748107), (5, 0.08802476591108956), (10, 0.09873195347265078), (11, 0.13338741630430243), (13, 0.10456316558062673), (19, 0.11116691240073885)
(18, 0.06890732131598706)
(1, 0.06941278716923933), (13, 0.10456316558062673), (18, 0.06890732131598706), (27, 0.12196329755289484)
(19, 0.11116691240073885)
(10, 0.07588753049637635)
(1, 0.07880763980748107)
(29, 0.10306363499421554)
(1, 0.05335218050358208)
(13, 0.10456316558062673)
(18, 0.06890732131598706)
(27, 0.12196329755289484)
(6, 0.1465098041945437)
(29, 0.10306363499421554)
(1, 0.05335218050358208), (5, 0.1565213475695314), (10, 0.11209508426438408), (22, 0.1697557133223031)
(10, 0.07588753049637635)
(13, 0.10456316558062673), (18, 0.08965049195295521), (23, 0.07750464270917941), (24, 0.12148357398513836), (36, 0.19968858028443906)
(18, 0.06890732131598706)
(1, 0.05335218050358208), (18, 0.06890732131598706)
(6, 0.07698522150606216), (9, 0.16534620437726638), (10, 0.07588753049637635)
(12, 0.08943623531886008), (13, 0.19292929187050056), (23, 0.10083586496786211), (24, 0.21601616898274761)
(19, 0.11116691240073885)
(18, 0.08965049195295521)
(1, 0.05335218050358208)
(18, 0.06890732131598706)
(1, 0.05335218050358208)
(10, 0.07588753049637635), (19, 0.11116691240073885)
(36, 0.25980083274161037)
(11, 0.13338741630430243), (12, 0.08943623531886008), (13, 0.13603981486197494), (14, 0.1594846816226656), (18, 0.06890732131598706), (24, 0.12148357398513836), (27, 0.12196329755289484)
(1, 0.05335218050358208)
(12, 0.1519494811074809), (18, 0.10178446892164174), (23, 0.10083586496786211)
(23, 0.10083586496786211)
(24, 0.12148357398513836)
(23, 0.07750464270917941), (36, 0.19968858028443906)
(18, 0.06890732131598706)
(5, 0.11452286081162781), (23, 0.07750464270917941), (29, 0.15223748583862498)
(5, 0.11452286081162781)
(29, 0.10306363499421554)
(29, 0.10306363499421554)
(23, 0.07750464270917941)
(1, 0.05335218050358208)
(9, 0.12708869505570614)
(9, 0.12708869505570614), (23, 0.10083586496786211), (24, 0.12148357398513836), (29, 0.10306363499421554), (36, 0.19968858028443906)
(5, 0.08802476591108956)
(18, 0.06890732131598706)
(1, 0.05335218050358208)
(6, 0.1307955821159638)
(12, 0.08943623531886008)
(5, 0.11452286081162781)
(1, 0.05335218050358208)
(10, 0.07588753049637635)
(18, 0.06890732131598706)
(5, 0.08802476591108956), (12, 0.11635922484909934), (18, 0.06890732131598706), (23, 0.07750464270917941)
(5, 0.13002325266899317)
(1, 0.05335218050358208)
(23, 0.10083586496786211)
(12, 0.08943623531886008), (13, 0.10456316558062673), (27, 0.15867790848640764)
(6, 0.07698522150606216)
(13, 0.13603981486197494), (14, 0.20749435464000807), (24, 0.1580537737351295), (27, 0.15867790848640764)
(1, 0.06941278716923933)
(10, 0.09873195347265078)
(1, 0.05335218050358208), (30, 0.2773500981126145)
(1, 0.05335218050358208)
(18, 0.06890732131598706)
(1, 0.0906437543415069), (9, 0.16534620437726638), (10, 0.14001993378038616), (12, 0.1519494811074809), (18, 0.12252763955860987), (19, 0.14463148755871147), (22, 0.1697557133223031), (23, 0.13167806315967612), (29, 0.15223748583862498)
(1, 0.09844000367764613), (10, 0.09873195347265078), (12, 0.08943623531886008), (18, 0.06890732131598706), (19, 0.11116691240073885), (23, 0.07750464270917941), (29, 0.15223748583862498)
(1, 0.05335218050358208), (18, 0.06890732131598706)
(29, 0.10306363499421554)
(12, 0.11635922484909934)
(1, 0.05335218050358208), (29, 0.10306363499421554)
(23, 0.07750464270917941)
(10, 0.09873195347265078)
(18, 0.06890732131598706)
(29, 0.10306363499421554)
(1, 0.05335218050358208)
(1, 0.05335218050358208)
(29, 0.10306363499421554)
(1, 0.06941278716923933)
(23, 0.07750464270917941), (29, 0.10306363499421554)
(12, 0.08943623531886008), (13, 0.10456316558062673), (23, 0.07750464270917941)
(9, 0.16534620437726638), (10, 0.12893063801647828), (12, 0.08943623531886008), (18, 0.11039366258992334), (23, 0.1378149773438649)
(9, 0.16534620437726638), (18, 0.06890732131598706)
(1, 0.06941278716923933), (6, 0.07698522150606216), (19, 0.11116691240073885)
(1, 0.06941278716923933)
(18, 0.08965049195295521)
(6, 0.10016008240222268)
(1, 0.05335218050358208)
(11, 0.17354102965601623), (13, 0.18592912362126335), (14, 0.20749435464000807), (24, 0.1580537737351295), (27, 0.18015457911107954)
(29, 0.10306363499421554)
(1, 0.05335218050358208), (29, 0.10306363499421554)
(13, 0.15445247433991516)
(18, 0.06890732131598706)
(1, 0.0906437543415069)
(1, 0.06941278716923933), (10, 0.07588753049637635)
(1, 0.05335218050358208)
(5, 0.08802476591108956), (6, 0.07698522150606216)
(6, 0.11371650698590566)
(9, 0.16534620437726638), (23, 0.12416708722654478)
(1, 0.05335218050358208)
(1, 0.05335218050358208)
(1, 0.05335218050358208)
(1, 0.07880763980748107)
(9, 0.1877254127013692), (10, 0.09873195347265078), (12, 0.08943623531886008), (23, 0.10083586496786211)
(10, 0.07588753049637635)
(24, 0.12148357398513836)
(18, 0.06890732131598706), (23, 0.07750464270917941)
(6, 0.10016008240222268)
(22, 0.1697557133223031)
(12, 0.08943623531886008), (23, 0.07750464270917941)
(6, 0.10016008240222268)
(6, 0.07698522150606216)
(1, 0.05335218050358208)
(29, 0.10306363499421554)
(10, 0.07588753049637635)
(10, 0.09873195347265078)
(10, 0.07588753049637635)
(11, 0.13338741630430243), (18, 0.06890732131598706), (23, 0.07750464270917941), (29, 0.10306363499421554)
(10, 0.07588753049637635)
(10, 0.09873195347265078)
(1, 0.06941278716923933)
(10, 0.14001993378038616)
(10, 0.07588753049637635)
(12, 0.08943623531886008), (27, 0.12196329755289484)
(1, 0.05335218050358208), (12, 0.08943623531886008), (18, 0.06890732131598706), (29, 0.10306363499421554)
(1, 0.1203237057770373), (5, 0.11452286081162781), (6, 0.07698522150606216), (9, 0.1877254127013692), (10, 0.16513819178448605), (12, 0.17887247063772016), (18, 0.14788393413972847), (19, 0.22693532180649345), (23, 0.15146286746118504), (29, 0.19613937178048407)
(1, 0.05335218050358208), (6, 0.07698522150606216)
(1, 0.07880763980748107)
(12, 0.08943623531886008)
(1, 0.06941278716923933), (12, 0.08943623531886008)
(23, 0.07750464270917941)
(18, 0.06890732131598706)
(6, 0.07698522150606216), (18, 0.06890732131598706)
(1, 0.05335218050358208), (6, 0.07698522150606216)
(23, 0.07750464270917941)
(5, 0.08802476591108956)
(1, 0.05335218050358208)
(10, 0.07588753049637635)
(1, 0.09844000367764613), (10, 0.07588753049637635)
(1, 0.11450061034330337), (6, 0.10016008240222268), (9, 0.1877254127013692), (10, 0.14830263803239183), (12, 0.14328221437933858), (18, 0.12252763955860987), (19, 0.16420700912869018), (22, 0.22085727496765206), (23, 0.14300366435471218), (24, 0.12148357398513836), (29, 0.13408888058963842)
(23, 0.07750464270917941)
(18, 0.08965049195295521)
(19, 0.11116691240073885)
(1, 0.06941278716923933), (6, 0.07698522150606216), (19, 0.11116691240073885)
(18, 0.06890732131598706)
(1, 0.07880763980748107), (6, 0.16274239722860942), (10, 0.07588753049637635)
(1, 0.05335218050358208)
(29, 0.10306363499421554)
(29, 0.10306363499421554)
(13, 0.10456316558062673)
(9, 0.12708869505570614)
(12, 0.08943623531886008)
(1, 0.06941278716923933), (5, 0.08802476591108956), (19, 0.11116691240073885)
(1, 0.05335218050358208), (10, 0.07588753049637635), (29, 0.10306363499421554)
(18, 0.06890732131598706), (27, 0.12196329755289484), (29, 0.15223748583862498)
(27, 0.12196329755289484)
(10, 0.07588753049637635), (18, 0.06890732131598706), (23, 0.07750464270917941), (29, 0.10306363499421554)
(27, 0.12196329755289484)
(1, 0.06941278716923933)
(18, 0.06890732131598706)
(19, 0.11116691240073885)
(5, 0.1565213475695314)
(18, 0.06890732131598706)
(6, 0.07698522150606216), (18, 0.06890732131598706)
(5, 0.11452286081162781)
(1, 0.05335218050358208)
(9, 0.12708869505570614)
(11, 0.22662121925689102), (13, 0.2043417830992036), (14, 0.2835878860443801), (24, 0.22414910425390572), (27, 0.21686919004459232), (36, 0.19968858028443906)
(1, 0.05335218050358208), (18, 0.06890732131598706), (19, 0.14463148755871147), (29, 0.10306363499421554)
(10, 0.11209508426438408)
(18, 0.06890732131598706)
(1, 0.07880763980748107), (30, 0.2773500981126145)
(1, 0.05335218050358208)
(12, 0.08943623531886008)
(1, 0.05335218050358208)
(1, 0.10426309911138006), (6, 0.10016008240222268), (10, 0.07588753049637635)
(18, 0.06890732131598706)
(5, 0.13002325266899317), (6, 0.10016008240222268), (19, 0.17809606271668404)
(5, 0.08802476591108956)
(18, 0.06890732131598706)
(1, 0.05335218050358208)
(1, 0.05335218050358208), (12, 0.08943623531886008), (18, 0.10178446892164174), (19, 0.11116691240073885)
(1, 0.07880763980748107), (12, 0.08943623531886008)
(10, 0.09873195347265078)
(10, 0.07588753049637635)
(1, 0.05335218050358208), (10, 0.11209508426438408), (12, 0.08943623531886008), (18, 0.06890732131598706), (23, 0.07750464270917941)
(5, 0.08802476591108956)
(5, 0.08802476591108956)
(5, 0.08802476591108956)
(1, 0.06941278716923933), (10, 0.07588753049637635), (11, 0.17354102965601623), (12, 0.11635922484909934), (18, 0.11707147199500598), (23, 0.07750464270917941), (27, 0.15867790848640764)
(18, 0.06890732131598706)
(19, 0.14463148755871147)
(1, 0.10153400050055383)
(24, 0.12148357398513836)
(1, 0.05335218050358208)
